covParams = zeros(24,6,6);
biasParams(1,:) = [0.214244 0.111524 0.141305 0.171144 0.144802 0.191478 ];
covParams(1,:,:) = [0.0392223 0.00082202 0.000756569 -0.000176976 0.000660219 0.00200174 
0.00082202 0.0211437 -4.52686e-05 -0.00207236 -0.000256507 -0.000245463 
0.000756569 -4.52686e-05 0.0192422 -0.000277644 0.000245391 0.000282358 
-0.000176976 -0.00207236 -0.000277644 0.0394922 -8.41175e-05 6.76813e-05 
0.000660219 -0.000256507 0.000245391 -8.41175e-05 0.0222667 -0.000373783 
0.00200174 -0.000245463 0.000282358 6.76813e-05 -0.000373783 0.0404324 ];

biasParams(2,:) = [0.223852 0.105602 0.140926 0.178558 0.144832 0.202591 ];
covParams(2,:,:) = [0.0380823 -0.000150146 0.000145242 -0.00124235 -0.000608422 0.000594975 
-0.000150146 0.0221375 -0.000395803 0.0011769 -0.000459293 -0.000711676 
0.000145242 -0.000395803 0.0199535 -0.00033666 0.000714575 0.000552376 
-0.00124235 0.0011769 -0.00033666 0.0390204 -0.000559604 -0.00108075 
-0.000608422 -0.000459293 0.000714575 -0.000559604 0.0189646 -0.000216963 
0.000594975 -0.000711676 0.000552376 -0.00108075 -0.000216963 0.0417754 ];

biasParams(3,:) = [0.223593 0.109097 0.145489 0.185341 0.140555 0.204681 ];
covParams(3,:,:) = [0.0411279 0.000299544 -0.000594433 -0.000711571 0.000807852 -0.000623873 
0.000299544 0.0194638 0.000105108 -7.12597e-05 0.000322174 0.000932132 
-0.000594433 0.000105108 0.0217025 0.000677002 0.000569749 -1.02655e-05 
-0.000711571 -7.12597e-05 0.000677002 0.0376928 -0.000380928 0.000598134 
0.000807852 0.000322174 0.000569749 -0.000380928 0.0191709 0.000245767 
-0.000623873 0.000932132 -1.02655e-05 0.000598134 0.000245767 0.03919 ];

biasParams(4,:) = [0.215667 0.108397 0.140297 0.182124 0.13822 0.206625 ];
covParams(4,:,:) = [0.0423082 -0.00115798 -0.000530033 0.00107698 -0.000691265 0.000274396 
-0.00115798 0.019825 0.00106327 0.000585944 1.29141e-05 -7.39547e-05 
-0.000530033 0.00106327 0.0204958 -0.000968657 0.00133179 2.98739e-05 
0.00107698 0.000585944 -0.000968657 0.0404906 -8.35335e-05 -0.00174353 
-0.000691265 1.29141e-05 0.00133179 -8.35335e-05 0.0200918 0.000678428 
0.000274396 -7.39547e-05 2.98739e-05 -0.00174353 0.000678428 0.0401388 ];

biasParams(5,:) = [0.220749 0.109733 0.138409 0.183535 0.144089 0.195191 ];
covParams(5,:,:) = [0.0422141 0.000727574 -0.00147979 0.00210769 7.41809e-05 -0.00109969 
0.000727574 0.0205246 -0.000594862 0.000121002 -0.000196544 -4.33048e-05 
-0.00147979 -0.000594862 0.0201445 0.000767145 -0.000134503 0.000880787 
0.00210769 0.000121002 0.000767145 0.0417347 0.00154652 0.000164292 
7.41809e-05 -0.000196544 -0.000134503 0.00154652 0.0204838 0.000259935 
-0.00109969 -4.33048e-05 0.000880787 0.000164292 0.000259935 0.0422225 ];

biasParams(6,:) = [0.22042 0.110141 0.142531 0.189037 0.142083 0.199631 ];
covParams(6,:,:) = [0.0410778 0.000185033 0.000226366 0.00115449 -0.000181399 0.000507872 
0.000185033 0.0198549 4.41358e-05 0.00146454 -0.000356217 -0.000692823 
0.000226366 4.41358e-05 0.0191054 0.000637647 2.4436e-05 -0.000318814 
0.00115449 0.00146454 0.000637647 0.0423598 -0.000661318 -0.00123505 
-0.000181399 -0.000356217 2.4436e-05 -0.000661318 0.0194658 0.000616761 
0.000507872 -0.000692823 -0.000318814 -0.00123505 0.000616761 0.0403205 ];

biasParams(7,:) = [0.214772 0.109771 0.143862 0.182635 0.141189 0.199211 ];
covParams(7,:,:) = [0.0396609 8.18503e-05 0.00119575 -0.000589568 0.000414296 -0.00127859 
8.18503e-05 0.0197309 -0.000207686 0.000695322 0.000145223 -0.000505357 
0.00119575 -0.000207686 0.0198664 0.000345724 -0.00067401 0.000290129 
-0.000589568 0.000695322 0.000345724 0.038557 0.000154056 0.000421897 
0.000414296 0.000145223 -0.00067401 0.000154056 0.0205199 -0.000272162 
-0.00127859 -0.000505357 0.000290129 0.000421897 -0.000272162 0.0427567 ];

biasParams(8,:) = [0.215215 0.109905 0.133905 0.172305 0.137676 0.202701 ];
covParams(8,:,:) = [0.0392703 -0.00164312 7.92468e-05 -0.000998481 0.0010769 0.000103785 
-0.00164312 0.0203302 0.000214772 -0.000543925 0.000716744 0.00164384 
7.92468e-05 0.000214772 0.0195226 -0.00110342 3.28657e-05 0.000510475 
-0.000998481 -0.000543925 -0.00110342 0.0395065 0.000752881 -0.000895682 
0.0010769 0.000716744 3.28657e-05 0.000752881 0.0205344 -0.000147907 
0.000103785 0.00164384 0.000510475 -0.000895682 -0.000147907 0.0380719 ];

biasParams(9,:) = [0.216099 0.109754 0.142279 0.174756 0.140269 0.206742 ];
covParams(9,:,:) = [0.0408931 0.000381127 -0.000411048 0.000929939 0.000225834 0.000731963 
0.000381127 0.0199522 0.00108919 -0.0015595 -0.000594519 -0.000460384 
-0.000411048 0.00108919 0.0202208 0.000198996 0.000600086 -0.00032289 
0.000929939 -0.0015595 0.000198996 0.0400972 -0.000608657 0.000476741 
0.000225834 -0.000594519 0.000600086 -0.000608657 0.0205446 -0.000390603 
0.000731963 -0.000460384 -0.00032289 0.000476741 -0.000390603 0.0397259 ];

biasParams(10,:) = [0.209069 0.107269 0.142748 0.182556 0.14236 0.202231 ];
covParams(10,:,:) = [0.0390442 -0.000765243 0.000537982 -0.000197798 0.00110939 -0.000175511 
-0.000765243 0.0203361 0.000288926 -0.000443686 0.00114881 -0.000706725 
0.000537982 0.000288926 0.0190337 -0.000311004 0.000471092 -0.00034313 
-0.000197798 -0.000443686 -0.000311004 0.0395562 -0.000425897 -0.000571219 
0.00110939 0.00114881 0.000471092 -0.000425897 0.0198831 0.000605377 
-0.000175511 -0.000706725 -0.00034313 -0.000571219 0.000605377 0.0353334 ];

biasParams(11,:) = [-0.181244 -0.17267 -0.142092 -0.219596 -0.142546 -0.206325 ];
covParams(11,:,:) = [0.0432741 -0.000927336 -0.000161337 -0.00109051 0.000749043 -0.000603877 
-0.000927336 0.0203874 -0.000505783 0.000598967 -0.0006091 -0.000165068 
-0.000161337 -0.000505783 0.0194075 -0.000424909 -0.000168435 0.00089728 
-0.00109051 0.000598967 -0.000424909 0.0395196 0.000138032 -2.10729e-05 
0.000749043 -0.0006091 -0.000168435 0.000138032 0.0198201 -0.000683811 
-0.000603877 -0.000165068 0.00089728 -2.10729e-05 -0.000683811 0.0380618 ];

biasParams(12,:) = [-0.183486 -0.172915 -0.146907 -0.217994 -0.13765 -0.198563 ];
covParams(12,:,:) = [0.0401396 0.000530132 0.00064738 0.000836471 8.93281e-05 -0.000686533 
0.000530132 0.0201089 9.7794e-05 -0.00043595 9.5066e-05 -0.000712899 
0.00064738 9.7794e-05 0.0208922 -1.76711e-05 -2.41913e-05 -0.000239397 
0.000836471 -0.00043595 -1.76711e-05 0.0386329 -0.00065998 -0.00070573 
8.93281e-05 9.5066e-05 -2.41913e-05 -0.00065998 0.0187155 0.000215463 
-0.000686533 -0.000712899 -0.000239397 -0.00070573 0.000215463 0.0408321 ];

biasParams(13,:) = [-0.18923 -0.182611 -0.144898 -0.21538 -0.13268 -0.208893 ];
covParams(13,:,:) = [0.0421764 -0.000420252 -0.000740313 0.000588329 0.000430838 -0.000854779 
-0.000420252 0.0207552 -0.000330054 0.00152466 0.000358376 -0.00019095 
-0.000740313 -0.000330054 0.0207542 -0.000351125 0.000616226 -0.000516836 
0.000588329 0.00152466 -0.000351125 0.0389409 -0.000620477 -0.000117122 
0.000430838 0.000358376 0.000616226 -0.000620477 0.0201286 0.000400915 
-0.000854779 -0.00019095 -0.000516836 -0.000117122 0.000400915 0.0381086 ];

biasParams(14,:) = [-0.182768 -0.174217 -0.146275 -0.226005 -0.145213 -0.200487 ];
covParams(14,:,:) = [0.0413914 -6.95522e-05 -0.000454353 -0.0018394 -0.000774183 0.000742802 
-6.95522e-05 0.0203226 -0.000236376 -0.000868067 0.000190366 0.000677882 
-0.000454353 -0.000236376 0.0198779 -0.000460728 0.000307754 0.000330032 
-0.0018394 -0.000868067 -0.000460728 0.038108 -0.000178442 0.000393188 
-0.000774183 0.000190366 0.000307754 -0.000178442 0.0194221 -0.000753591 
0.000742802 0.000677882 0.000330032 0.000393188 -0.000753591 0.0395453 ];

biasParams(15,:) = [-0.179543 -0.17754 -0.135219 -0.224817 -0.149137 -0.197901 ];
covParams(15,:,:) = [0.0410172 0.000228275 0.000894885 -0.000272372 0.000496339 -0.00138906 
0.000228275 0.0197048 -0.000413474 4.69425e-05 -0.000233465 0.000774032 
0.000894885 -0.000413474 0.0191528 0.00183492 -0.000790464 -0.00177294 
-0.000272372 4.69425e-05 0.00183492 0.0398915 -6.85954e-05 0.00166697 
0.000496339 -0.000233465 -0.000790464 -6.85954e-05 0.0202639 0.000987977 
-0.00138906 0.000774032 -0.00177294 0.00166697 0.000987977 0.041156 ];

biasParams(16,:) = [-0.183338 -0.174059 -0.137169 -0.221668 -0.140388 -0.194036 ];
covParams(16,:,:) = [0.0416353 0.00065001 -0.000311032 0.000641405 0.000698967 0.00249639 
0.00065001 0.0205406 -0.000324548 0.000439614 -0.000114015 0.000426811 
-0.000311032 -0.000324548 0.0196009 0.00104903 -0.000556001 -8.22704e-05 
0.000641405 0.000439614 0.00104903 0.0396732 -0.000878466 0.00061067 
0.000698967 -0.000114015 -0.000556001 -0.000878466 0.0200191 -0.000283032 
0.00249639 0.000426811 -8.22704e-05 0.00061067 -0.000283032 0.0380401 ];

biasParams(17,:) = [-0.178298 -0.172764 -0.133836 -0.218364 -0.150463 -0.196643 ];
covParams(17,:,:) = [0.0367093 0.000844657 -0.000475898 0.000759744 0.000328314 0.000800663 
0.000844657 0.0199893 -7.28812e-05 -0.000421822 6.70591e-05 0.000706603 
-0.000475898 -7.28812e-05 0.0192853 -0.000289235 2.44125e-05 0.000552678 
0.000759744 -0.000421822 -0.000289235 0.0423142 0.000335606 -0.00133322 
0.000328314 6.70591e-05 2.44125e-05 0.000335606 0.0196557 -0.00210586 
0.000800663 0.000706603 0.000552678 -0.00133322 -0.00210586 0.0404409 ];

biasParams(18,:) = [-0.176066 -0.174836 -0.14329 -0.210155 -0.143666 -0.198153 ];
covParams(18,:,:) = [0.0392313 -0.000225142 -3.83244e-05 -0.00176195 0.00142065 0.000449263 
-0.000225142 0.0197348 -0.000186282 0.000774738 -0.000109783 0.000979786 
-3.83244e-05 -0.000186282 0.0191399 -0.000573898 -0.000151562 0.000441664 
-0.00176195 0.000774738 -0.000573898 0.03929 0.000277545 0.00205558 
0.00142065 -0.000109783 -0.000151562 0.000277545 0.0209179 0.000620418 
0.000449263 0.000979786 0.000441664 0.00205558 0.000620418 0.0383742 ];

biasParams(19,:) = [-0.174703 -0.171142 -0.139912 -0.213783 -0.138051 -0.205531 ];
covParams(19,:,:) = [0.0423263 -0.000104102 0.000616035 -0.00202878 -0.000954347 -0.00212155 
-0.000104102 0.0205134 -0.000803191 0.00148912 -0.000368285 -0.0013543 
0.000616035 -0.000803191 0.0209901 -0.000407318 -0.00172081 0.000522411 
-0.00202878 0.00148912 -0.000407318 0.041553 0.000263615 0.00141536 
-0.000954347 -0.000368285 -0.00172081 0.000263615 0.0206395 0.000658223 
-0.00212155 -0.0013543 0.000522411 0.00141536 0.000658223 0.0408014 ];

biasParams(20,:) = [-0.18312 -0.173493 -0.137248 -0.219376 -0.140705 -0.198448 ];
covParams(20,:,:) = [0.0399464 2.89247e-05 0.000423797 -0.000946681 0.000513482 0.000596118 
2.89247e-05 0.0208661 6.83958e-05 -0.000933234 -0.000683766 0.000910798 
0.000423797 6.83958e-05 0.018531 -0.00122301 -0.000869177 -0.000335073 
-0.000946681 -0.000933234 -0.00122301 0.0406901 1.32146e-05 0.000588309 
0.000513482 -0.000683766 -0.000869177 1.32146e-05 0.0193838 0.000707382 
0.000596118 0.000910798 -0.000335073 0.000588309 0.000707382 0.0388198 ];

biasParams(21,:) = [0.110097 0.309548 0.140968 0.302891 0.146166 0.197139 ];
covParams(21,:,:) = [0.225377 -0.317164 -0.000111399 -0.184677 -0.000957388 -0.00339709 
-0.317164 0.561563 0.000422754 0.313699 0.000486083 0.00369503 
-0.000111399 0.000422754 0.0214021 -7.38829e-05 0.000162413 0.00047958 
-0.184677 0.313699 -7.38829e-05 0.224686 0.00119561 0.0014168 
-0.000957388 0.000486083 0.000162413 0.00119561 0.0194368 -0.00143829 
-0.00339709 0.00369503 0.00047958 0.0014168 -0.00143829 0.0383146 ];

biasParams(22,:) = [0.099069 0.299695 0.136282 0.288963 0.141659 0.19833 ];
covParams(22,:,:) = [0.228622 -0.321172 -0.00113148 -0.187235 -0.00297724 0.000762254 
-0.321172 0.564157 0.000821549 0.319824 0.00606566 -0.000418055 
-0.00113148 0.000821549 0.0210682 7.90727e-05 0.000120693 0.000906928 
-0.187235 0.319824 7.90727e-05 0.227535 0.00400566 -0.00330393 
-0.00297724 0.00606566 0.000120693 0.00400566 0.0210245 -0.000811369 
0.000762254 -0.000418055 0.000906928 -0.00330393 -0.000811369 0.0400728 ];

biasParams(23,:) = [-0.288202 0.0215297 -0.141191 -0.105382 -0.143175 -0.204301 ];
covParams(23,:,:) = [0.219779 -0.314586 0.000865499 -0.17879 -0.00238999 -0.00116134 
-0.314586 0.567486 -0.0022684 0.31338 0.00345991 0.00170227 
0.000865499 -0.0022684 0.0189233 0.000216262 0.00016111 -0.00015169 
-0.17879 0.31338 0.000216262 0.217513 0.00247761 0.00018322 
-0.00238999 0.00345991 0.00016111 0.00247761 0.020054 0.000442128 
-0.00116134 0.00170227 -0.00015169 0.00018322 0.000442128 0.0412993 ];

biasParams(24,:) = [-0.282846 0.0242833 -0.140963 -0.101325 -0.140227 -0.197271 ];
covParams(24,:,:) = [0.216305 -0.311332 -0.00286863 -0.178394 -0.00265605 0.00151091 
-0.311332 0.569682 0.00137392 0.313997 0.00208948 -0.00129707 
-0.00286863 0.00137392 0.0190285 0.0028698 -0.000425825 -0.000217405 
-0.178394 0.313997 0.0028698 0.218475 0.00136472 -0.00134351 
-0.00265605 0.00208948 -0.000425825 0.00136472 0.0202525 -0.000784406 
0.00151091 -0.00129707 -0.000217405 -0.00134351 -0.000784406 0.0386928 ];

classifSigma = [0.00171707 -7.45433e-05 -3.09743e-06 -4.62761e-05 8.25951e-06 7.77771e-07 
-7.45433e-05 0.000964238 -4.80135e-06 7.3913e-05 -3.32639e-06 4.85222e-06 
-3.09743e-06 -4.80135e-06 0.000824434 2.64455e-06 -3.02954e-07 3.77184e-06 
-4.62761e-05 7.3913e-05 2.64455e-06 0.00169463 -9.84985e-07 -5.08335e-06 
8.25951e-06 -3.32639e-06 -3.02954e-07 -9.84985e-07 0.000832373 -3.42105e-06 
7.77771e-07 4.85222e-06 3.77184e-06 -5.08335e-06 -3.42105e-06 0.0016456 ];
